6283832111921
6287806752500
6285852705706
6285755458115
6289666011205
6283813530344
6283853293530
6285649968004
6283849573770
6281938867261
6287750504084
6281357398282
6285204931958
6285746977908
6282354547353
6283831817599
6285733766006
6282325636752
6281554105897
6285231048923
6281703063166
6281230604204
6289650998149
6281542364003
6283822315700
6285804155212
6282231106055
6287851450825
6283854779465
6282274680101
6281281736567
62322311162
6283839775445
6285647207416
6281703822220
6285708388894
6281334349996
6282225245599
6281381254287
6283854227723
6285723933393
6283830157828
6287852585252
6285645537567
6282233214607
6285704950076
6283847722572
6281235058484
6287855941706
6285719431444
6285784407252
967714548020
6283128922334
6282121399113
6285749579409
6285728255858
62895354192325
6287750750000
6283830007798
6282337613275
6281281858339
6281515903333
6287702155091
6287752555587
6281331463463
6282232618962
6283847369061
6287883002807
6285733712325
6285731197783
6281931526992
6281938644598
6285707233370
6281515497298
6282245552888
6281330387739
6282257050369
6282143549600
6289688032879
6285728805526
6285708503007
6281615178809
6281214616674
6285294877273
6283856479820
6281553353212
6281553147980
6282230009121
6289615013130
6285731750289
6283846480940
6282339252610
6282232623297
6285648953984
6285655248641
6285865138868
6285233769985
6283854784600
6289692434639
6285733370021
6285645275744
6287751017316
6283857064522
6285235577201
6285765437732
6281355087236
6283856218128
6283114811614
6287851333386
6283845489194
6285731172988
6281555962153
6282298130130
60147465017
6282234163789
6281233123868
6283822444421
6282143181431
6285748843009
6281935921155
6283849745509
6283834308532
6281393842024
6285749782644
6285331134429
6285239835999
6281214157288
628993888823
6285208015303
6285642038143
6285787878787
6285733667706
628188888888
6283849942550
6285725805551
6282234462228
6285931196784
6285642992925
6287744169911
6282359136854
6281257371220
6282133326385
6281368252852
6289654977987
6285784806868
6285731471700
6281330452997
6282333970608
6285321401035
6281231829839
6283856285638
6282257535328
6289691918109
6281246255758
6285233638591
6282257161925
6282396220653
628813578993
6285645241964
6281331682708
6285802061922
6285785083608
6287751545835
6287857798619
6281249678098
6287733283886
6285806445388
6285257222981
6283849884181
6287832327946
6287851338705
6285708234883
6281216701996
6285852793228
6285755141483
6285735732131
6283874031314
6285748486031
6283891599467
6285780693391
6287758188183
6282117166257
6285791960607
6285733351555
6285747593139
6285782837362
628970843110
6285816776690
6287855920070
6285245180002
6285706198839
6281225043932
6282188469585
6285213554666
966563613051
6287842212976
6283831837104
6282285125969
6289514030276
628993388450
6289631716587
6287751972041
6285850024880
6282269153934
6285732093570
6283849999449
62817300970
6289657906333
6283875780624
6287797377522
6287883221824
6285733923975
6282118848631
6289624324263
6282332662732
6282257396669
6285868839557
6282264621303
6281233173916
6282228880400
6283879315687
6285334089613
6285743740662
6285726762410
623160718311
6285328911827
6283854039719
6285954862268
6281216487880
67078677214
6285229933425
6285883785758
6281335273769
6281235293883
6281615813412
6282331640689
6285884914857
6283151040337
6285743710962
6287855766101
6285731556566
6285748903891
6289670285984
6282233217439
6285645216393
6285778197626
6285640078956
628562951929
6281239493842
628995643178
6283854790888
6283830154054
6289659499845
62318546205
6282337666236
6289517392618
6285334882589
886970786711
6285732232066
6281807265988
6289655301063
6287702660629
6283845366555
6285775487991
6285731928440
6283857001899
6281995688705
6285233045266
6285201996327
6285289660648
6285799643256
6281287927624
6287726291852
628983555838
6283866326736
6282331718120
62313822257
6282321894043
6281331828237
6287854002294
6285645558035
6285785285642
6287887835590
6282338884757
62895631839787
6287883948246
6285820785645
6281390607949
6287898111116
6289659205992
6281802269968
6285878112494
6285950250209
6285895010004
6285739590069
6283857003002
6281947552047
6281235994233
6285645304683
6285540657702
6281336627745
623170113188
6285259015316
6282257672407
6281217139087
6283856322880
628977330297
6289636427863
6283831239495
6287755189155
6282288022141
601116667402
6282323575700
6287758583275
6285878212383
6285864340720
6282232760076
6289637689865
6285233115493
6281299076052
6285708453691
623172364731
6283845481432
6285731029123
6283849188250
6285647362948
6282113877145
6288802648978
6282132502723
628998545861
6282239821250
628815122011
6283856144123
6283857111076
6282318241364
6285234136000
6287855816165
6287855087037
6287702347578
6281357778304
6282139929226
6289621404768
6285655664355
628819565288
6283102040244
6289670946536
6285718313915
628986542495
6285329133369
6283832814491
6285733406763
628993884518
6285746576840
6283813833386
6285743621560
6282393261887
6282233610064
6287853474442
6289668606537
601121957263
6285745940487
6289650096052
6282234309993
628573325430
6285852611422
628563235131
6285742107810
6281289344488
628993322660
628981821849
6287855596459
6287823411365
6282281475080
6283830898392
6288216826036
6285852384259
6283856688714
6289613821413
6285853328160
6283831392558
6288217607609
628174754451
623171009911
6285646440290
6285649759815
6285331774242
6289614267759
628983428679
6285854330677
6281913607024
6281344441990
6283831053006
6282229146207
6285649491730
6285737478534
6281235239012
6282334756335
6285752950005
6282250803236
6285299696999
6285729115161
6281554724099
6283122809277
6285648044640
6281938010750
62895359877337
6285606365964
6283830681666
6285856292832
6289633720968
6281232515012
6282333306055
6285865009627
60169131770
6283833201386
6281270748500
6281914793286
623181328056
628971476055
6283854521499
6285648960800
6281216518050
6282274274093
6281703778429
6285655689535
6287867909490
628563245337
6285701575076
6281313418295
6283898363733
6285258646899
6285851111623
6285721551200
6282245688252
6282191679362
6283830794488
6285607700067
6285791679718
6289661298887
6282126815539
6285706137881
6285655203185
6281342146600
6285330188601
6281384092292
6289624082218
6282244375222
6281234910078
6282301092325
6285899123317
6287758374217
6287709996813
6282233383353
6285233893404
6282226222294
6285732548887
6282232140975
6283849029292
628993297263
628993693186
6281235416377
6283853244078
6287875371231
6282251229191
6289680053902
6285755049004
6285894301999
6282233498286
628563493294
6281939818884
6282334497144
6282220247014
6282247979043
6281335436189
6282338817000
6281360963242
6282245253589
62895383576394
628122227471
6282208232058
6285746222663
6285736282225
6283830636005
6287758457118
6281944400673
6285869133293
6285649389329
6283802042986
6281913202469
6285732275449
6287853920004
6289647549896
6285655585964
6281934888308
6281353063734
628170209045
6289521438638
6285642245544
6287755731805
6285801266506
6281381772546
6282227892116
6285713369673
628185204000
6287851143071
62318916577
6287839300036
6285641385056
6285259271810
6285790818191
6285870487600
6285274446100
6288217918681
6281337752107
6285802504052
6283113339001
62899999999
6281259664078
6285631412386
6285706555537
6285706353486
6285723417550
6285645329183
628563599690
6282338170416
6285790714235
6285895533673
6282234281456
6281913412457
6285856000913
6285336975722
6285736802389
6285753441710
6287758525509
6289676191570
628987697143
6285233540335
6289676376834
6285707809505
6287854533999
6287750080050
6283854522604
6281554975452
6282143519233
6281233171745
6282334577355
6285767978337
6285272249978
6287854777996
6282285933027
6282234060363
6281334493158
6282222211082
6285876158306
6287788626220
6285706751374
628179360545
6285257465153
6287752766871
6285730667508
6283857294936
6281347416000
6289669637582
6281703404536
6281803014471
6285731723585
6287863080105
6283830033200
6289609025604
6285648336365
6282140685503
6283831640641
6281316045888
6281804407711
6285284052040
6285730050092
6283831346598
6281939766701
6285330148394
6282230200323
6282140292666
6282259065292
6287701194244
6281703452344
6283857004530
6282199630169
6281391999535
6289647812871
6285249353452
6287755145144
6287855927024
6285868435129
6285655848268
6285736892636
6287716169036
62817336325
628121519177
6285232618894
6281945530818
6283830206345
6285855074120
6282254745108
6283857612288
6283849233833
6281913232666
6285743501924
6281559683363
6285755155630
6287851799901
6281910457218
6283830703423
6287712804111
6282293632847
6283122989592
6285770706260
6283839988230
6281217233445
6285604342815
6281703209471
6285650844855
6285231680268
6281944943578
6285731514494
601121845590
85295569622
6283872873508
628779666186
6285704703783
6287737508121
6283821425099
6285645607248
6282198401686
6282393476852
6287855101050
6287719570855
6282111924417
6285712854775
6281231965486
6282285508503
6281332049751
628981716997
6282140099517
62816534488
6288214026192
6282361624706
6281252585199
6281338659468
6287701720477
6285959716254
6282301374614
6285536778063
6285233429988
6285794249661
6285327559778
6281233318217
6281999965978
6282311173785
6289660838240
628978837189
6285753555156
6285798232850
6287755321567
628563326489
6281373090509
6289657096788
6287846071805
6285236940699
6281905900108
6289560866866
6285737069157
6285730074421
6281368612519
6285733527857
6281554450406
6281249678870
6285366319364
6285820990599
6287855023844
6282140499038
6282184484899
6282257172009
6285708041875
6285842744096
6288217540396
6287716155357
6285720936376
6287712302627
6282331072440
6285743210763
6285784495566
6281515566382
6289616878178
6281382775744
6283849853041
62895634428127
6285791296192
6285334554322
6288805753122
6289632376710
6285604377700
6281939229150
6283862194592
6282217223652
628997153809
6289662727957
6285646124966
6282330720636
628819016175
6285292269069
6285784865851
6281806648363
6285649036336
6283816009568
6283856740083
6281231460729
6282336519843
6285704309110
6287885503700
628885102188
6285646301226
6282299333822
6285871040191
6281213414420
6285754083118
628973836357
6285652101874
6282221412228
6283831770107
62895398068680
6281913425475
6285707620289
6282141342336
81555548864
6289639928628
6281217870930
6282156338017
6285648260607
6281357427370
6282244428390
628993426411
6281235063377
6283857361336
6285231643978
6282270103676
6283830078013
6289661122334
622518310005
6282230124345
6285931272227
6287761609644
6281232685760
6285854806609
6285707098887
6287776271956
6285730130933
6285235499845
6281217277145
6281553938811
6282257075956
6285748103296
6287722596463
6285780103135
6282136512710
623178279808
6285731503557
6281357029980
6288217015862
628982522876
6285748828959
6285755072569
628385553005
62811347571
6287888630748
6285825242490
6285790791187
6285730373788
6283890696873
6281281440331
6281703357182
6289675757727
6282175836610
6282324419877
6287834025722
6285786150062
6285711492589
6285600084239
6285642688272
6285702861051
6285231483678
6281578944416
6285855256005
6285330680446
628987500150
6282244685354
6287850330191
6282216082464
6283849783947
6282336728114
6285779258929
6289644101499
6282325093099
628998974205
6285607627671
6281390806148
6285878234528
6283831269779
6281632231150
6281332144929
6285921151176
6283857724263
6283869678807
6283849433880
6285104378731
6287855869332
6281349693086
628563060664
6285715315480
6285238667740
6282257844564
6281235511001
62895605249141
6289629105268
6281232928886
6282298929012
6285712783263
6289525354552
6281945964808
6285607058896
6285749902862
6283849050394
6281938522444
6285648122333
6283831099069
6281365266686
6281803002183
6282131422504
6285746758563
6281392626055
12347590999
62274375555
6281391133678
6282147389423
6285648441331
6285655911150
6287853838938
6285748842783
6289618817087
6285607167887
6281363917794
6289619425516
6285730816267
6282165253624
6285655478839
6281911520296
6285647073789
6285706630325
6281332978079
6281937265006
6285733989878
6281368524220
6285736631154
6285755858446
6285606780813
6289626157960
628124120452
6283132066824
6283846221599
6281333621537
6289521534134
6283854256238
6285645035009
62816679215
6289671611631
6281286072461
6281331568161
6289688934502
6281515177502
62317450023
6281231277333
6281515908028
6281998142974
6285330693231
601139669704
6282331861680
6281252698869
6289699806741
6289630894002
6285216671660
6287751007937
622758529285
6289678376370
6282311579997
6282331243381
6282322613405
6281519745330
6287859637374
6281331406727
6285290331914
6283851221393
6285604440500
6285648499882
6282331751922
6285851320656
6285236777777
6283857937961
6281217507060
6281249898323
6281233012855
6283849013850
6285735741390
6285217603811
6285706080013
6283830072484
6283831308263
6281329133679
6285770770268
628563019584
6285852527063
6283856100092
6285100736967
6287750700633
6285742169517
6283856893448
6285338310791
6282230174018
6289637526825
6281517595890
6285694838394
6285755815354
622292551999
6285854636747
6283831371551
6281298932058
6283813729145
6285748783883
6288217638539
6281216539190
6289610692013
6282338675221
94783276383
6287851520368
6285725352900
6282217785758
6285232557009
6285861635128
6285648147842
6287712395990
6282263097822
6281217661731
6285933083681
6285731406775
6282133465132
6282236857498
6281330444959
6281336534817
6282233112820
628977078140
6285732523778
6285648007549
6281348200499
6287853772010
6287851535666
6281703242400
62895396529512
6289677222727
6289668383040
6285237482786
6282226558842
62895359991949
6283849925311
62895606679133
6287861286036
6285393923204
6281246371372
623128810488
6283846791290
6281228939883
6281553185757
6285230120934
6285733333166
6287803612619
6283152238348
6287850006031
6281212684360
6285794599630
6287892463058
6282331563518
6282247575784
6285646390966
6285330587979
6285723780031
62896227814
6285707298664
6289666877241
6289666588599
623161140044
6282310755205
6287751133440
6287781435701
6285217770383
628563531979
6285731026518
628123456789
6287804521662
6285643551441
62918761987
6281232532556
6281331448240
6285774059496
628123737773
6285856747835
6285287650206
6285655290734
6285607031031
6285320667486
6281246593088
6285726101933
6281334339118
6287703402773
6285718309460
6282229038272
6281330543543
6285709602479
6282391369216
628816125503
6289651768768
6283830820410
6281387673377
6281294317047
6281333091669
6282134410100
6285246514805
62817308882
6282296066963
6282245285265
6283857506264
6287855284834
6285606060616
6282301352301
6285728064313
6282345716112
6282231401795
6287854440569
6281931011219
6285728454555
6287850888366
6285648396440
6285706690131
6289656651749
6285290171565
6285231972897
6281916320666
6285335664862
6281232267327
6282234749719
628973890228
623171885795
6281242223251
6285235615738
6281232306989
6285704134124
6289504638545
6288217099562
6285850555667
6285722299219
6285331240590
628970566017
6285806558826
6285225410896
6289671403017
628175099847
6289621860034
628819454996
6282228833529
628567661545
6289666150913
6281266339058
6285655003340
6289524113314
6285608521890
628113009747
6285333222111
6285813781140
6289502801153
6285748682556
6285707711131
6285704014980
6289662238525
6285745755332
6287851976804
6285733533498
6287812328630
6285645521735
6289622184541
62895410220116
6281334834093
6281615114122
6281336125518
6285229192441
6289652149122
6285645438772
6287883504604
6281937692398
6285336261401
6287701010681
6285643100675
628561494525
6281344304078
628986548305
6285231037773
628997005949
6282267792233
6283832352960
6287726725227
6282244426463
6287838550194
6282240771358
6287793523235
6287755467920
6285642774188
6289675728203
6281804400595
6285730999456
6288219233211
6283831964141
6285748600745
62895631648969
6285749063016
623134973000
6282232073320
6281318442305
6287717201381
6285713322135
6281252401119
62895616251883
6281703808988
6281230022640
6289680513930
6285708831264
6581678633
623183355396
6289606094253
6285784941994
6281335890009
6282331178318
628156856664
628983850561
6285236842457
6285733999629
6283851792723
6285240040488
6285856561818
6283830524900
6282346060133
6285231701405
6283846443571
6287774136195
6282374089749
628991926995
6281515288991
6281333346234
6281934897730
6283856036609
6285755683497
6281249402776
6283856598925
628979308080
6283831101116
6283856356327
6281338198698
6285733024300
6289677216536
6289674845254
6285608337559
6283854909982
6281937787777
6285895590321
6282194600320
6287823943018
6285706369946
62895337978434
6287862377247
628563050086
6285853926820
6281513138892
6285853146882
6285730123786
6281937188207
6288217284151
6285745645660
6285730172559
6285642012247
6282257673494
6283892989799
6285659990670
6287773555557
6285733505209
6285870028014
623177319880
6285853040582
6282133822792
6285777254079
6281515122836
6287856312265
6281231537433
6287838427661
6282148027010
6285733404074
6281350401925
6281333329258
628563624849
6281333444405
6285865265569
623170211022
6285641812646
628385534461
628179377770
6285707077115
601133137573
6281331193936
6285755894404
6282234205328
6285707057440
6285704754722
6283119296430
6285749516419
6285231224830
6285775891895
6289518802803
6285842717007
6283853000019
6281234012837
6282232688899
6285232021809
6285645520696
6289526898687
6282257622535
6289650710614
6287853644468
62313550827
628563679799
6282361009932
6285748699975
6282243832594
6285201772400
6287856314960
6282230077117
6283879777599
6285648877188
623183467066
6283816771952
6282141479594
6287764571335
6281331251484
6282264761775
6283812706791
6285830869475
6289518232235
6285785355795
6285735148242
6281515710530
6287838872090
6285212298380
6285645118599
6283831791657
6287852588134
6281284647012
6289681986288
6287849481499
6281949854746
6282244024040
6283830779774
6285606797354
628819086145
628993336626
6281515887231
6282155653788
6282184048584
6285232707910
6282399419071
6285781707638
6283857495083
6285101927285
6281334237408
6285707415293
6285646167690
6285648641746
6281334514507
6289675818241
6282347439130
6289632743009
6285231726759
6282121759912
6282132107779
6285799242651
6285731443307
6285791512781
6285604867883
6285606251341
6281293250359
6283854966622
6285333311103
6289693678396
6281336424568
6285850541855
6285732328871
6281554092033
6285747292299
6282134147101
6281259826395
6282227422201
6285706865657
6283833239437
6282302568412
6287736195900
628563078957
6282220949518
6282244777501
6283830071714
6283830205545
6281348588919
6282245059321
6285746240756
6287854523008
6281717243322
6282122222292
6285225291899
6285329404244
6281337609994
6282337890344
628815001873
6285330378887
6281255661964
6281278783509
6289661074448
6282331655550
6285230793828
6285856851624
6285103710591
6282145623318
6282353077110
6281997704945
6283846239018
623171574477
6282219271723
6285730362603
6282141960851
6285736260436
628574567529
6282234898200
6281326777286
6281909073132
60143834838
6285841171722
6282225155625
6283830362924
6285210666064
6283832889499
6285806477144
6282230556661
6281252222520
6285645918991
628983852859
6283122115943
6285755248409
628988431801
6281999163685
6285333566658
6287794180922
6285707369069
6283831310769
6285852144379
6281335622093
6285606179719
6285745703300
628819065731
601140282591
6288805012205
6289612318819
628121695512
62818508373
6285785209811
6282234347277
6285733365615
6289687522794
6289632516765
62818310835
628819308443
6281238616609
6287821461666
6282174419328
6285604118843
6282333696177
6287844254447
6282245458809
6285331949794
6285600833675
6285331224530
6285220216811
6285729650207
6283821668186
6285648091567
6285747198371
628819449687
6283833333333
6287754013977
6281220449639
6281804177763
628981255826
628563438306
6287751081033
6283849777973
6283834669504
6285852542052
6287851110912
6285230755395
6281293932312
6285852848111
62838300000
6283854196243
6282214370474
6281949880020
6281334168712
6285333066833
6281230003591
6282331794303
6282326100608
6281331138599
6285333484857
62816757113
6285852772854
6283854259715
6285102833677
6282393128555
85268490773
6285607034900
6283832876031
6287887134268
6281332338585
62895331871715
6282245269754
6281316559635
6285233142445
201206618692
6282327266101
6287750010991
6285232290817
6281938608999
6281234121020
6283147227249
6281233864883
6283841178710
6282273341045
6285230541338
6282247290045
6283830039420
6283852950507
6282166165633
6285651118922
6282143056298
6285707361554
6287859700072
6285607712195
6285252140253
6285648397224
6281233285307
6285656138423
6285607366162
6285814576859
6285733586684
6281310217005
6281342576796
6283849636690
6285955064088
6282335543345
6283831942257
823336908649
6281230971197
62830000000
6285742615976
6283853391245
6282146849285
6285655947831
6281334521413
6289658271145
6285806598288
628113225000
6285233320102
6287759377287
6281366512260
6285265292767
6285755365665
6285731174642
6283847091378
6281233116778
628155101655
6285278817897
6287788001753
6287850607940
6282138518474
6289655906818
6285755568366
6281330400370
6285858968338
6289678558486
6287852756773
6281559946582
6281703354372
6285388630779
60162750652
6287757902285
6282244804183
6285736845938
6281258285337
6289679085325
6281910748472
6285648179260
6282166836220
6281282504643
6287854256909
6285205345034
6285354453421
6285655490393
6287712335657
6285207379129
6281553436591
6282242608296
6281332050359
6289621869418
6282368122125
6281554110860
6285746115557
6285748015785
6287810205115
6281338337254
6285730479332
6285921061098
6281237305215
6283849373648
6287853305958
6287850606610
6285230412828
6285707938781
6281290741652
6282338050166
6287807032749
6282226532616
6281806957881
6285655541117
6287737062619
6287860403297
6282133212897
628989939860
6281233497409
6289685002869
6289601898110
6285736574045
62317405752
6285725104144
6285655258848
628563281649
6285696720773
6287888368886
6282220456320
6283108091529
6282331663024
6285745064589
6285646211941
628174728165
6282230535050
6285924221504
6287837154922
6281297718844
6281333777545
6285799186307
6283857494954
628983764590
6287716919720
6282332933949
6281378133955
6281556600738
6281803243780
6282140011062
628988351012
6283849177328
6287873785382
6283856654086
6283874474048
628558913503
6285648550679
6289665836858
6285682422222
6285707087284
6281333434606
6285232281689
628113373233
6285746837513
6282243627131
6281252291590
6285747562589
6282225456200
6282334511515
6283849990809
6282244229116
6281234502348
6289503246728
6285871315297
6288216599544
6281554327781
6282324089497
6289564635211
6285320061566
6281333900877
6282228556205
6281222104465
6287850003333
6281224661140
6285213119932
6281326906562
6285743374895
6288808309207
6285210749247
6281515157516
628539947160
6285330499707
6287754480472
6289679470079
6282231020543
6285235470769
6285708836305
6285235697226
6285842010085
6282226285624
6283857037230
6282299253353
6285228531170
6283831450840
628564506627
6282232311699
6281249268688
6287853331224
6282257378001
6285852717448
6281939282806
6285745262783
6281217056756
6282211071193
6285790395404
6285726878977
6285749511166
6282272400775
6282335515562
6285811680989
6285749817063
6285645700223
6285713737377
6283115411221
6289653211448
6289675054176
6282141009727
62895637945315
6281568255937
6281234477977
6283857401229
6281555325954
6285712206925
6289654322698
6281234235302
62318073129
628113502696
6285940444642
6283830645464
628992535851
6281233044966
6281230800408
6281233384280
6285854468725
6285232250515
6281235372620
6285645825503
6285733309363
6281703363338
6283123278100
628117066060
6285706425957
6281234000901
6281935296474
6285748267223
6281703584999
6285236400070
6289692973655
6283857008487
6281329646040
6281346488349
6285865291116
6282217362458
6285646817794
6285735777949
6289692676837
6282335556984
6283856791911
6282337835900
60183518512
6287846123743
6282333646289
6282332328938
6283848784994
6285231677940
628993738181
6285738131014
6282232573000
6281314599912
6289654353161
6281320772047
6282131996526
628155002555
6289666086448
6285655011553
6285790721871
6285775270813
6285748955259
6285842284778
6282301354641
6282234144966
6282196519638
6285791703860
623177295163
6285334956040
6287855892856
6283854644062
6285859324737
6282136344471
6289677887143
6283852442032
6282234064397
6287856319002
6281330980855
601111740251
6281335122891
6282396016100
6283830271086
6285648114340
6287753355553
6285602113707
6287733620377
6282245442665
6282234567899
6287855811767
6282133814059
628883808112
6285804657257
6281916442470
6281327392234
6287855026387
6283854692763
6285606799880
6285608948669
6282240820993
6282334181884
6281281817234
6287733145661
6285648713712
6289817671456
6282330459958
6285748014554
6285851973272
6285212289191
6289659477466
628973144827
6281703395010
6281905694243
6285338168016
6281235531118
6285235299588
6281250441986
6289622515105
6289613249879
6285727641330
6285655444356
628813217672
6282238967889
6282311092022
628966049568
6281939306077
6261222333
628971053997
6287854885646
6281216265599
6283857669717
6289649575637
6289650894962
6283867375058
6282332883006
6289632705898
6285263395576
62818763904
6287863060541
6282295469011
6289660738311
6289611626068
6282214000058
6288217102457
6283832300608
6289673741082
6285746991018
62895338492343
628988837100
6282292220592
6282257950849
6285646162015
6283849941977
6283849222400
6287850694165
6281946346942
6287793300762
6285852115560
6285223126645
6285649995285
6285645047409
6281217795180
6285329430752
6287759924848
6285607480757
6285754165253
6283830706676
6282338416224
6287754090568
6282296539597
6282139360566
6282326198456
6282139661996
6285719991334
6285784236234
6285334003503
6283857943321
6287854703824
6283857187519
6285719201907
6285655742401
6282257695435
6282302190079
6285964021787
6281228992000
6287793341005
6282166045099
6281291114441
6289518489948
6285748741828
6285746301990
6285399945495
6289667354099
6285876539737
6282146014599
6285850302780
6285748415028
6285850123777
6285259107200
6283890800309
6285707059047
6288217769644
6283833698468
6281239692360
6285730452117
6285655224112
6281938034749
6283856334214
6285231660095
6285708557882
6285732030009
6283831395204
6285642871024
6285106737060
6281232977708
6285737719944
6285642849982
6283856016778
6281703939890
6281347164307
6287849917222
6287852693993
6281949606965
6289619208424
6289666404430
6282145481654
6281326049720
6285853405229
6287701721869
6283853130966
628977235697
6285763896199
6285706723529
6285731199675
6285745147797
6289606915571
6289692463715
6281578708205
6285785182760
6285230864459
6282334508503
6281347040404
6287849313249
6281555341205
6288217072346
6285791886745
6285646688851
6281243807193
6282351573353
201023179258
6281912768827
6289637766555
6281553819300
6285224921812
6287851972221
6281322662774
6283849645094
6281235616181
6281945946636
6281234856671
6283833387556
6281937536383
6282240446849
905352850920
6287854990336
6283857814940
6281327166017
6281573883216
6285732671929
6281355509093
6285710008148
628987655794
6281234537788
6285226037798
6287736985488
6287849695152
6285239741695
6281325005800
6285259858171
6281335120762
622254417570
6287855840824
6281232221805
6285739565169
6282264149801
6287884595349
6285731258581
6282126760000
6287851278808
6281331478087
6281515245245
6282137506055
6283857862329
6282240809054
6281337050745
6287750886424
6282295158585
6281235777271
6281232633655
6282322665665
6282229143395
6287854948739
6285287733553
6282324658421
6287853352592
628125756703
6283831615500
6285335947341
6282231018795
6285648309999
6285262971906
6285217727852
6289644929224
6287874626027
6287784477441
628113303079
6281277410598
6285648519111
6281554482882
6281338107675
6282272222270
6287853594319
6285668161228
6285935395233
6285298377736
6285733521456
6289637100161
6281931605755
6285738736112
6281803035381
6282324781346
6285736340562
6282231338822
6287759108104
6281331845227
6285816584851
6285732552544
6289688950183
6285755840160
6283857027005
6285886752230
6285876986785
6285781237269
628123156789
628892400219
6285714636136
6289654981372
6281229999076
639161786099
6283831717014
62817302006
62895340016260
6282335545223
6287733258551
6287851733411
6281912660412
6285258899727
6283149868000
6285809579630
6287758088305
6285795321983
6285727700163
6282311033555
6285812019430
628563414641
6285264009525
6285753107027
6285783183972
6285296692482
6281515148060
6283849522616
628157710443
628995000171
6281359223461
6285659683216
6285659863493
6282399536941
6285648959811
6285730156789
6283857732871
6287751078664
6285257391931
6281262443116
6285746151959
6281946540873
6289664621734
6281222755509
6285742927974
6289698286996
6281245160963
6285790544216
6287850167827
6287758994196
6282245115220
6289642942575
6282301644644
6281999968333
6281776408907
6282347389345
6281377327932
6287851594351
6285101938685
6289505922019
6282257668218
6281914826401
6283123694555
6282133361118
966504234674
6285335229476
6287850507991
6285655955587
6285776572494
6283834663805
6285645156455
6283854224771
6285853100694
6285748876776
6283831965766
628993930584
6285331136109
6285765490020
6282242065676
6282331857727
6281329666533
6283831299772
6282335633221
6282337458118
6281235868494
6285731428633
6289653140575
6281243728038
6285258885649
6283144345600
6287704712221
6287722400507
6285607433607
62817744973
6281222765757
6285745668878
6282257594600
6285293131222
6281233488396
6281541596377
6285741948404
6287851353534
6287853575744
6287854000100
6285755249636
6287861805228
6281567966448
6285549039565
6285725450508
6285820957627
62895800352444
6283831996681
6283849142748
6289685457357
6283853268733
6282234555322
6285707742353
6285341090214
6282234436095
6283857337300
6281938047838
6282225558449
6285655601651
6281331613490
6285235330117
6281949712950
6281252491534
6281313220806
6282194777232
6289609259656
6281334780642
6283848327731
6281949654570
6287812599076
6287865853888
6282233183031
6289642298624
6287856561189
6289613000810
628972926754
6283856144007
6287862002360
6285655173541
6283872507339
6285233300096
6282346829148
62313810300
6283832301739
6285853646753
6285785879546
6287702397706
6282325990998
6285290337385
6282175200740
6281331008723
623170488011
6289638165798
6281379721554
6282133786406
6281931504389
6287855591171
6281335555490
6285649427685
6283826007890
6282231994586
6281269387320
6281553030137
6289631539842
6281336135232
6287823242954
6282245299059
6285732047725
6282131080638
6282234612290
6281230144751
62895327890554
6281381755528
62895401458733
6285368097500
6285785792682
6283899011363
6285601812729
6285741939070
6281235224030
623161040449
6287849875748
6283869992612
6281939226464
6281252217978
6287814048777
6285707886854
6281939256004
6281237689912
6281558906597
6285725449822
6281233704222
6287853223710
6285232620529
623416431377
628980530894
85254331627
62895332290128
6285851286720
6282140300521
6285299866691
6283856805703
628977175515
62895321855873
6285220687226
6282199153506
6285895579354
6288217636929
6289531817459
6283831273273
6283811173121
6282301763086
6281330291007
6288217456261
628155226122
6283854204461
62895704521899
6285876182671
6281931607176
6281332219958
6287896488854
6285746748718
6281297570532
6285230421696
6285749370035
6285740072137
6285727008150
6285651258352
6285748888340
6285606179770
6289530668771
6282280606908
6285860448596
6281381472398
6285861879372
6289658886888
6285731187773
6289674816811
6283831878786
6285102556055
6285733464947
6282290336939
6285749088705
6287888664818
6282247974285
6281339775122
6285250466975
6285830304476
6282323435643
6281392625995
6282254591413
628563064489
6281703452288
6282284973814
6283856972253
6285607044970
6289667768487
6283854408330
62895337765524
6285806600272
6285745735537
6285640874278
6287702887171
6281559706918
6287859964492
6285233357046
6281216411581
6287856372771
6285730164471
6282139999886
6283830675654
6283831722207
6281336556526
6285746931652
6285739811110
6283872882475
6285806608976
6281283018760
6287858205412
6281575855858
6282333711150
6282332696680
6281912225830
6285349000109
6283830430884
6283125246195
6285295660157
6282270111777
6281237929717
6285648956331
6285741504309
6283849385552
6287856624433
6281931082624
6289626893297
6285745183639
6285730431999
6283833867677
6281234522492
6281939317609
6285869907831
6285231886007
6281217290730
6281252798205
6283845062226
6283830289761
923485111329
6287863583474
6289697486490
628973314813
6283856185504
6285251644907
6285755443010
6282258068718
6285714520002
628985634356
6283122916731
6281330517151
6282264714008
6285746948727
6289634622600
6289678111094
6282324586282
6289526062189
6281331058828
6281249510077
6285358058001
6285732088087
6285239543731
6285649299747
6285649630801
6285730081175
6289675172931
6287851531119
6285712013361
6281296818338
628115180469
6281239729598
6281393171073
6282149888927
6283856097428
6283832353333
6285694985958
6285237733890
628563331428
6281805881301
628984105845
6287755284513
6285707727590
622191286057
6285110453664
62895617415015
6287751310186
6285645796627
6282352674385
6289608760788
6289669523940
6281555346463
6285229110396
6285231685510
6287765983784
6289687331373
6285733913323
6285712878779
6289605179318
6285235522796
6282242082647
6287759697902
6285608380621
6285785140235
6285646755638
6287846115915
6287850891839
6285640302562
6282375740734
6285607719932
6287855566766
6285349783825
6285736020151
6287824276890
6285851539491
6282334605477
6283827496373
6282236167638
6287852225343
6285784186730
6281280030129
6285801038500
6285220086876
6285866681768
6281216889351
6285707638606
6287886057584
6283854207651
6285331186641
6281336945846
6282330437264
6285748748742
6285604930146
6281332839643
6289677502500
6289611861366
623183371833
6285856768091
6285607771795
628563181161
6282245405001
6285730598506
6285746592940
917003131171
6282245267474
6285342058911
6285745626011
6285730865600
6287749861716
77777777777
6282337793437
6283849028190
6289671630166
6287850933624
6283831346235
6285710663841
6282364365664
6285109030992
6283120199193
6283831131080
6282331181221
628155005354
6285755557171
6285706191393
6285215101897
6285811119998
6282346334372
6281585474347
6282232127930
6285790832310
6282322862295
6287757591658
6285320135375
628885531972
6287899143090
6285218933069
6281336681196
6285645575711
6289681082330
6285707385697
62317020078
6281276950525
6285290887265
6281233550734
6285931012481
6285711666006
6281357414922
6285231270919
6288226163830
6289677709215
6285789657243
6283849682893
6282325121273
6289503372924
628979960740
6287756313954
6287848116946
6287849538481
6282243867404
6285794086778
6282267446929
6285717722220
6281333303403
628385888184
67077009714
6281283801455
6285230285284
6281908093081
6285741263163
6287851870333
6287877070747
6285234717679
6285607334242
6285669777827
6282331140226
6285757227752
6289678777777
6285230444167
6285730383881
628993956723
6283856426960
6289665660170
6283849124449
6281240175495
6285776621570
6281332938469
6285646468292
6283849911717
6287853116444
6285704293960
31311111111
6285706708684
6281252338328
6285720537082
6287852353215
6285733628753
6283839940399
6285693246406
628811499121
6281221068755
628971929641
6282132879232
6285735390735
628983902933
6287854472020
6288806213394
6285828099981
6285233266101
6282245022277
6283854256105
6289652808810
628813127541
6285785640006
6285853979179
6282324501302
6282318631609
6283849017446
6288217635230
6287705771231
6282336587436
6285791081080
6281330302351
6281946747446
6285523739151
6281615385887
6287758023583
6283831769881
6285732085442
6281233860591
6282337919813
6281283304389
6287864279893
6285852165872
6285399021334
6285645555062
6283856567166
6281335129122
6281553819988
6283831802805
6283830937116
6287855919296
628975935819
6281216894650
6281295965674
628165458125
6287827001853
6282333180072
60105311467
6285200271036
6285924027254
6281233609713
6281232674987
6282234249753
6282232552221
6285745934795
62811300367
6283849638967
6289689754663
6283821915955
6282346504002
6282395310817
6281252795793
6282234049586
6287851390231
6281703746471
6285374448986
6285701047507
6283849365461
6285707595577
628345678910
6289670192268
6281365907709
6285710277996
6285834331502
6281368121318
62895336952455
6281249251020
6281554088012
6283854400053
622518362208
6283849273337
6285735175036
6285784444734
6281382185598
6283847611691
628983603340
6287760057176
6285730802608
6281249323183
6283849186683
6285348428646
6281938585652
6283854887748
6285731055809
6285880029728
6283854545351
6285363305969
6285731781345
6281332410489
445640644497
6285732733577
6283856950605
6285254889830
6289635134488
6287852435050
6289508908922
6285784055556
6287833322339
6287752728043
6289664757524
6281231070050
6285669995086
6285318766789
6285824554061
6283830021117
6289530220902
6281244187877
628125990299
6282322814303
6282189368233
6289666952547
6281808321996
6287849654764
6285732098857
6283857618649
6285247199079
6282334422127
6283831422187
6281372077116
628113715678
6281931506804
6287849849597
6287850505547
6285600328278
6287866144638
6281802292699
62318705532
6285894260447
6285878599962
6283849684211
6285233562526
6281241580958
6285235949750
6282234705082
6285955072914
628977331990
6282140791245
6285317773154
6285732270577
6281217655573
6285648834725
6283831987587
6281318222800
6283856794847
6285730879961
6285239030065
6282226753291
6285741243076
6289605610839
6287701230217
6285745771069
6285749455567
626285648944
6281216621479
6285815390796
6285748254658
6287700295325
6287710440477
6282131001938
6285748233842
6283831333232
85291965040
6283129603136
6283849004555
6283854683328
6287754618133
6282298008676
628563516557
6285648915908
62895380898448
6287747918231
6285719558170
6285784482400
623170323960
6285806514741
6283857081083
6285655005075
628975159878
6285607776258
6281224457562
6282157800819
6283830119456
6282246458947
6262816554175
6285923112710
6285334010098
6282349356179
6281934644386
62819676947
6281938477511
6281329680839
6285748830459
6281242498298
62620221133
6283856492020
6283831175333
6285804379096
628977428552
6289685455563
6285731361143
6281230408683
6289672335098
6283849741357
6281331736869
6285210959840
6281991117561
6282337858542
6285852120702
6285731560919
6283849233997
6287809068559
6289686777242
6282131334558
6285606077935
6285785572471
6283853111046
6287760537337
6285326040765
6285201523748
6281242706536
6285389486090
6283831119519
628973990042
6282333301443
6285707012607
6283856538999
6281217863088
6281931600814
6287888883228
6281575404144
6289671627115
6285726408969
628813257292
6281333754946
6288704109618
628553212621
6285785844014
628992231999
6281553069642
6285648480806
6281332870050
6283854446687
6283830418301
6281216600398
6283851233239
6281234222434
6289524572653
6285755669738
6289621506715
6281230771747
6285740065876
6287751022012
6283873898321
628563077984
6282339089884
6285736126430
6285631585558
6285755480183
62341479099
6282351534090
6285719840182
623100000000
6285701303126
6285230695873
6285777933858
6287851223714
6283857859325
6281330108213
6281212747214
6287855428799
6285330355084
6285200123877
6285719341999
6285730667496
6282387707802
6282226563503
6285642768826
6283849135439
6283830627741
6285106196880
6287753169350
6285737479006
6281385851842
6281290408485
6285748575167
6287843196313
6283892396684
6285800696483
628977315636
62895385628803
6285724250517
6281252391143
6287853775492
623217293599
6285649122737
6289688362360
6283849948040
6285270829036
6282331332780
6287712793849
6287837129147
601136359798
6281333336022
6285607666212
6287853386335
6283857687999
6287849460032
6285226072448
6285784601808
6282322096764
628563419005
6287753488955
6281615886699
628113866486
6281334821921
6285691930180
6285345459023
6289690866103
6283830762362
6283121175077
6285348947693
6285394687262
6285232735180
6281915312024
6285398763280
6281329493583
6285717562357
6282271366013
628984584414
6289607219499
6285207980618
6285749392614
6287849594320
6281999238585
6287853896702
628562995699
6287759185955
6287853311140
6281232063607
62895341739884
6285738703047
6281908702012
628113000246
6285311111178
6283831683565
6287725634402
6281330239031
6282257034906
6283849023877
6285877844001
6281937275335
6281298664992
6281937365375
6282234452882
6289608579448
628992289986
6282132811808
6285733239989
6285791765436
6282143083197
628975461766
6281542236598
2347081971926
628548480806
628972614222
6281226664630
6281311480848
62816607857
6283849284435
6282131258886
6282192659970
6287853853613
6281318006155
6285748595625
6285730922910
6285655346196
6281225213407
6285655601773
6281239849552
6285604315270
6289643544743
6281360199297
628987277865
6285785855067
6282244404648
62895328349996
6285715001493
6289677515524
6282331667528
6282250578770
6281515471915
6282338177180
6285259525133
623171012201
6283831125464
6283831875085
6281329602172
821047981481
628123438014
6285733336370
6285850519007
6285950321867
6281332040277
6285604230627
6283872146694
6283831214868
6287854374852
6285239137682
6285536592405
6285716715466
6283849700200
6283102417331
6285780091178
628880488353
628994366676
6285336404731
6285746651610
6289680328517
628985514841
6287845116412
6287759633550
6285746317487
628976515666
628113642613
6285694640823
6287703272922
6287758281991
6285790303790
6282231070507
6289671590843
6287851010710
6281283872637
6285856836668
6282330718862
6281249904411
6285732551973
6283890870716
6285730306945
6281542821748
6285236866662
628161968676
6283845483015
6281231020494
6283831504450
6287853321528
81938288666
6285227581296
6281559911278
6287851454843
6285785723857
6285398669847
6285748388402
6285882181662
6285931111700
6282232588134
601139147747
6282244151259
6281938764930
6282114521097
6285225486093
6285257777704
6282233232293
6283831768401
628986468644
6285732696301
6281553665000
6281515667992
6289611528789
6285759856885
6285607965866
6287733149272
6283830790342
62895605991001
6281515659266
6285731597581
628112991212
6281336610389
6283834661813
6281217849243
628819365745
6282140600097
6289676551463
6281533376637
6285855620160
6287853313025
60183276934
6281331607448
6283847186319
6282168399972
6287855942588
6285731683259
6282192006584
6287853088222
6285724639406
6283830020582
6289631850696
6285704921581
6287717680677
6285640047536
886981950574
6282244329946
6282285026731
6285743512359
6283830298939
6282338104548
6282112923400
628562833397
6289607799435
6282143344271
6285384745176
6285745642623
6287851347097
6285742712721
62895605024875
62816990156
6285334269050
6281703823353
6285727931177
6285294475022
6281331394263
6282331888824
6282233461614
6289671118498
62817721751
6283831111519
6285757900500
6283854437002
6283849439394
6283830454882
6285729520255
6282323671899
6282216426685
6282329569449
6285655322381
6282301959338
6285713460835
6285727290244
6281555324404
6285748029404
6281240330555
6287759596688
6285854890940
6281293216917
6289621809376
62818534799
6289634042697
628978634097
6285646200061
6281332002496
6282329109108
6285219032972
6281532361138
6285875106959
6287716916933
6283830680091
623177777777
628569865143
6285396985603
6283833790767
6287701026788
6281934688592
6282342124577
6283117471311
6287858883842
6285648888839
6281262435000
628170889125
6285643344403
6285278095300
6285655369868
6289608540994
6285223819468
6281917474622
6281549619142
6285701257608
628977231310
6287850085524
6283847730454
6282230627432
6281331191046
6289698903477
6281333912858
6282338431128
6281332291099
6287889492440
6281450290918
6289664966134
6287721645138
6285271352888
6288866677723
6281803765666
6285851666933
6285716114080
6283820735323
6282127334383
6283849016466
6281357870049
6289678086820
6287889371093
6281905355825
6285707149141
6285855538616
6287889680684
6282330914056
6281917702001
6285348941001
622749287987
6289681270868
6283138420179
6282247007172
6285730280022
6283834123034
6287705645579
6285315313791
6285748878217
6285752768028
628883205753
6285646759855
6285733667834
6282230576170
6281232246559
6282218972364
62888888888
62810000000
6281703555010
6285785735063
6283831932404
6281213288841
6285733503262
6283844266662
6285330911086
628819503372
6285331769688
6281232006770
6287853302563
6285888607311
6282143055585
6282223162828
626270626496
6285931123705
6281233169416
6285895658509
6283878870644
6281808858741
6285815480303
6283831730020
6283857331422
6282130028100
6281934617689
6281803910651
6285397990012
6281277753965
6285333064550
6282228988918
6282330808070
6281353190123
6285295083900
6285341577941
62342000000
6287855298680
6285706558848
6285319771114
6285731125512
6289925400211
6285748258411
6282131469219
62895804265526
6282245949711
6285755281106
6285869675631
6281536156159
628980325890
6282288492528
6281553817536
6283848934074
6285749195326
6285748198498
6282302372692
628561099998
6285826079548
6281559511991
6285739555515
6285959824457
6282145200326
6289671615212
6287833360645
6281217610667
6285763260058
6285732650010
6289667548850
85293435095
6281233578881
6281901097993
6281333203878
6282339800234
6285754522286
6287755403734
6283831664093
6283854681018
622193628499
6285242941372
6282257236572
628983978531
6282392752762
6285729317088
6281999934317
6281339516210
62895631263429
6281331576667
628984246995
6289678605173
6289695315422
6281335590771
6282281573727
6289528252008
6281221589210
6282352182270
6285931116688
622196961908
6285271990294
6281234952013
6285700033359
628889047317
6287821766453
6282140319498
6283830206677
6282297105076
628563385314
6283849052828
6287758761988
6287817504686
628979101112
6289618274304
6283832776089
6283117950035
6281333715437
6282216909340
6282114410134
6289650752433
6285707911146
6281230830264
6285258711172
6281388880548
6282146522536
6289633704485
6282332993181
6283856387626
6285234188852
6285808276910
6282332261801
6281559665530
6281703693001
6283856035884
6285641387882
6283166462336
6289692735456
6282215080192
6285330280204
6287777474657
6285362565975
6281815813128
6287891386771
6287776828056
6289665815815
6285655610877
6283830023231
6285932247919
6285790240065
628999901540
6281337520344
6282230768029
6285645777552
6282240675322
6289657192006
6282257589007
6289621608004
6285755475229
6285879354547
6285257044854
6281333090065
6285781125563
6283849984501
6287772886141
6283854679793
6289665559191
6281555794432
6285719567999
6281938770424
6289687556287
6287850309048
6282153017465
6285704307910
628993728268
6285645594990
6281357227127
6282232436373
6285712912467
628976465023
628164221039
628563044450
6282353333301
6282141157949
6289667730118
6287854657459
6281214486290
6285852838778
6289686611749
6289679233099
6285233773829
6285867050265
6285640018156
6281553145415
6281231555355
6289514044112
6285784790902
62818380504
623172890414
6285786868489
6283852266398
6282257623608
6285261084848
6282234353286
6281946124321
62895421505547
6285240908888
6287753390276
6281217817812
6282264718999
6281703366997
6281357659898
6285883788410
62315478109
628970818883
6283854511748
6281293165836
6285325795011
62895395294021
6285749758101
6287849701183
6283856856956
623191083656
6281216413198
6287732594420
6283849512100
6281375237425
6285791719113
6281949819602
6285706537167
6285259290156
6283849230263
6281237000741
6285742658431
6281703555081
6289615617634
6281559651337
6283830888080
6282143257593
6285274702012
6289675737084
6285646536193
6282322225028
6285735135522
6283849124659
62895397072686
6285607225299
6287830656489
6287758478891
6283896516512
6285335357374
6287810412768
6282230010710
62895332514557
6287884798437
6285852683322
6285730537744
6287882834113
6285749600256
6281346640234
628988888717
6285645070222
6281257661874
6285648900087
6285549078757
62895333870091
6281262251942
6287870171666
6285648115563
6287855782407
6287804997945
6289505937115
6285641454544
6283831009192
6283832331025
6285231458202
6282233445566
6285732108391
6283842833433
6285263931299
6283830333657
6281703744193
6282232141442
6285733160612
6285648040413
6281234567890
6283134414659
6282170377002
6285207787974
6285850400099
6281350520800
6287751812265
6287851113856
6285747192127
6282339779658
6285374575008
628813279829
6282137942577
6285785800692
6283856896797
6283849406959
6285361062853
628993810981
6285238695712
6285936126246
6289653350748
6285708198164
6287750992781
60137910298
6289503521387
6282219112050
6285700459476
6285804727686
628132398617
6285742554552
6281913601480
6285828763177
6282139399785
6285723214737
6281363732859
6282244663358
6283830919447
6287706765168
6285255719043
6282228481721
622129080142
6281222222230
6285727507587
6285355557356
62895324783212
923415211111
6289679899679
6282346645530
6287850483163
6285712685023
6282301335108
6285319998260
6281259696939
6285796244766
6287700532404
6281231999932
6289685625156
6281329610654
6282310160145
6283830256665
6282244850235
628987575131
628563646585
6285708763339
6285778834233
6282137043028
6289669471170
62895351190026
6283856941780
62895365111842
6282334922834
6285807216699
6285258955985
6281350642020
6285606007500
6289604167715
6281335534766
6281232610099
6285745540453
6285608905382
628563217823
6283127000433
6281553729222
6285843789091
6282383285071
6282359543184
6285872671229
6287829845930
6285221942477
6289606048864
62895343459981
6283853052999
6285733311117
6281554300383
6285258847251
6283159544247
6285341503855
6285733134900
6281255403001
6285341432255
6282239407918
6287758410165
6289642951938
6285335129317
6287852475243
6283874771377
6281999950244
917408102675
6281654907872
6281350540220
6285852531521
6285655029444
6282331541038
6289687677347
6285852489437
6285749057031
6287737944682
628985505391
6281320277536
6287849655679
6281991606285
6281259651004
6281319458888
6285806359872
6283856912100
6285248755568
6283867436251
6285748535001
6285728317731
6282337041458
622198669554
6281914970037
6285204933327
6285227734471
6289654638959
6285648281708
6285888025094
6285733933881
6281231902333
6289000001933
6281232328343
6281999957927
6283110019908
6281217313124
6282232351118
6285313199911
6282153217423
6281231022010
6283116139136
6283865132517
6285646622176
6285856420927
628175107081
6281559889359
6285869350356
6285606071100
6275124794
6282190297591
6281803270890
6287852207669
6282323911295
8613751756684
6281378125382
6282244634015
6285230445722
6283849881049
6281234561017
6282311420297
6285735350162
6283856933736
6283144345209
6287849317097
60108200700
6282233334245
6289504946889
6285642460614
6281559839777
6285257598891
6281703307391
6281703325760
6281911683951
623171733966
6281380460224
6285393680222
6281228141505
628121664557
6281234062574
6281330800055
6282335322173
6281327361150
6283874443533
6282245433544
6281553571908
6282370529347
6285731316931
6285749556431
6285743869064
6285785888863
6282226162577
6287853571788
6281271413949
6289605744388
6283194124453
6282332908060
6285752714942
6281363747494
6281554211113
6283830277789
6282330826549
6287863280775
6282331269002
6285755256788
6281234510860
6285254215177
6285752862632
6285739513479
6282257117177
6281233376645
6288805918989
6283857745225
6281331789399
6285290237961
6285877255766
6285704120485
6285549010393
6282331195562
6285338581966
628385600331
6288801649119
6281239015582
6281330305254
6281703503786
6281357661659
6285389739338
6285645605280
6281276508222
6285606804563
6282231231309
6282257905031
6287858893824
6282220921766
6285101469245
628999741333
6285749445210
6281233260741
6287836253656
85261631413
6281703069395
6285852423335
6285339831332
6285785604558
6281235203892
628567899999
6285731194494
6285230686524
6281515121374
6285853439978
6285646010810
6282324246661
6285784080085
6285258822013
6282139368124
6285731132575
6281805579293
6285324116787
628977212211
6281335255864
6282338369008
6281914300698
6282219293175
6285749694535
6288217628857
6282228281725
6281320988006
6283830235944
6283831840155
6281703640009
6281210622702
6287862506042
6289515916165
6282140200163
628563257484
6285746645258
6281380254998
6282140031131
6281357880495
6285850104424
6287752300380
6281939296427
6281703028943
6285731326922
6281336616079
6285259533323
6282244704127
6285648252692
6281938335570
6281218535925
62818373640
6285668891828
6281291247820
6283850045032
6282324444436
6287850216966
6281327213212
6285604980266
6287849827469
6287750007053
6285642796786
6285731796338
6287854366001
6281952301919
6282227748881
6281336647415
6295623347
6287752141125
628151808207
6285729972919
6281333597787
6285606469424
6287728328817
6289687645469
6287856669774
6281217011246
6283849792335
6283857350820
6285648820028
6285858968184
6287869070613
6289640072629
628170050900
628988726382
6281945783481
6285642360060
623160274465
6289691326411
6285546167465
6285693603444
6285851223311
6287853133287
6283831024987
6287853137325
6281253084872
6287837206344
6289695100659
628561366069
6283144744857
6282230709376
6281332343002
6282358286021
6287851310527
6289670900668
6287853948200
6283830446771
6285815443801
6281904740511
6281331500606
6285606323510
6285708207711
6285258525152
6285328037679
6283879171066
6282277947329
6285232425787
6285236679405
6287840080468
6281282913180
6287782733006
6283862945664
6282232000383
6287854432112
628983060628
6285851878999
6285645188824
6285882577000
6289605631770
6281216996798
6287844126762
6285649052939
6282320826925
6281263916846
6287851444283
62895322986202
6281239496051
6285648663343
6282234813382
6281230952943
628975079444
6285755500013
6285736696637
6285741953065
62817321196
628123019968
6285852617805
6282330394006
6285366379919
6283856560212
6285855525841
6285733114505
6285338606164
6285606035337
60143207297
6285645032676
628179319302
6285701213919
6287854104433
6282317447719
6281318831874
6287739490510
6281553444466
6289638851897
628981421638
6283849877830
628563666695
6285782199971
601115400046
6281555352622
6281007008009
6281268433245
6285732291002
6285746310710
6282234830374
6287855300105
628158063635
6289629190273
6287736553963
628819734996
6282237332233
6283849555597
6281312031697
6285736060102
6285858087698
6289678185255
628151844488
6289657869823
6285741178030
623160964013
6285200550520
61439864432
6285100151591
6285648639476
6289608239870
6281615527528
6281357637158
6281335549258
6289678433568
6282333834795
6281238178411
6289672672711
6282142590886
6287850553525
6282330396094
6285736090999
6285742355834
6282232707981
6285549036260
6285853241330
6285645090953
6283849934179
6289680259670
6285655832835
6281322642413
6285399544000
6285712345678
6281230634487
6283831868661
6287852350628
6282137133134
6285201334063
6289666114447
6287703021010
6285395642234
6285731534253
6281914682352
6287803685145
6283890829011
6281252989179
6282334110002
628756340569
6287755010295
6282233143736
6285647774843
6285733594970
6289621722491
6285233032751
6285853212830
6282257261286
6281554412420
6281938559021
6285746186834
6281336286996
6282257520684
6285852952024
6285852282788
6283816420669
6287750834409
6289635949449
6282337808721
6285649248227
6281330540597
6282139415999
6285743684277
6285706600833
6289506439634
6287886741578
6285655339133
84986084668
6283180612592
6285749081682
6285749524207
62816975536
6289677005186
6283857693023
6285776938605
6285649447910
6285640059122
6287747827268
6285746223392
6281902272537
6285607852301
6282231268109
6285706524718
6285726491077
6282330208012
6285607076343
6283857706996
6282135747734
6281999185130
6285645346814
6285878996003
6283849251166
6287757575860
628992418119
6285655050558
6283122951562
6285293474080
6285257313573
6281543441310
6289653542969
6285236404967
6283804325284
6282311898884
6282190858035
6285728500721
6281290264692
6289509322499
62895325049769
6281217266666
6287898016888
6282189452929
628885101170
6285649449851
6285646668910
6283846143373
6282169918591
6282245778842
6285261060405
6283831106432
6282139428375
628883199459
628993404366
6285740138267
6281515243355
628579931839
6281357848275
6281574004109
6281324032525
628979765665
6285707651845
6285850746524
6287853485123
6287724038714
6285785451769
628988746111
628567939703
6281357666846
6281235026788
6285151406222
6281219106653
6285103512515
6287828094817
6581874830
6283849097969
6285100535793
6285931160431
6281904421842
6281703030133
628812722365
628117015886
6287727830318
6281281609909
6287805374450
6283856160204
6285655018018
6281298448002
6281348155284
6285205454332
6285754355666
6285323216324
6285646401032
6285743129606
6285736036731
6283856500999
6287820176989
6281911235595
6285876998840
6283875394682
6282232704865
6281217577567
628179111567
6285730425044
6285755355176
6285316476097
6285225967249
6282232508655
6281338869158
6287788706868
6285336131935
6281330376775
6289675903078
62816355136
6285231225200
6285270679999
6281231660789
6285259216699
6285697180567
6289666116027
6285604507219
62895321991515
628984604219
6281805060210
6283863136673
6285642436907
6281331815271
6281330074983
6262818376595
6282228804982
6285733356445
6285856968352
6287851909391
6282288885146
6289679889855
6282280209985
6282230077720
6282244666622
6287803888899
6283159579255
6281990928221
6287702890944
623170920455
6283830130006
6289699502007
6285288787827
6285752160558
628983988088
6285782458050
6281327946436
6283857398322
6281231998144
6283844324333
6283115352652
6287710279117
6281946039305
6285766636131
6283130094197
6287870534000
6281937222289
6287806000630
628155052586
6285714500472
6281217608483
628563694443
62895602229191
628563308054
6282331321819
6281239339016
6282257265821
6281310511919
6281909955638
6283831111445
6285896446620
6282232984893
6285646305121
6285755222156
6283895895200
6281393966790
6281357681825
6283830791126
6285648835400
6285746559838
6281230874686
6287875551628
6281294352019
6282233438667
6281295342200
6282268426525
6281615292073
62313732559
6285854733933
6285731700800
6289676967991
6281334344201
6282333337737
6287753858138
6281929821754
6282245176281
6282139721513
6287758133351
6285732157719
628155107907
6285852869224
6281217432109
6281330626806
6285852280959
6289696623009
6281235431383
6282293241065
6285800625662
628563079582
6281259935999
6281298622315
6287865566338
6283863070479
6285700001573
628785087148
6285736473488
6285850634930
6281239567048
6287759058216
6285717128889
6285649510791
6287852955679
6281231997144
6287752931881
6289671280508
6281515433760
6285843478083
6281939385999
6285236137916
6285259785940
6283849042350
6281296415345
6285732569586
6285730788830
6281937010134
6283830479977
6287750692670
628974766032
628977986004
6282334806868
6282230244269
6287756464331
6282210576083
6285606422992
60183527179
6285732158181
6287851830443
6287859902044
6285733002134
6285741122022
6283850756185
6283831227563
6283830402696
6287850853852
628998637954
6285606329623
6285731390988
6282237273026
6287850554639
62816345697
6285655294518
6285712076262
6285931117141
628123855389
6282399560655
6285642628180
6283830772571
6285101856431
6285786430542
6285790334844
628155166223
6285649060594
6289605635250
6283849580003
6285607363751
6281938222686
6282132710783
6283843505822
6285745387110
6283849031727
6283834470033
6285730999999
6287756991707
6282257254897
6285233499779
6285730480290
60177184127
6285707567200
6285645656232
6285231445463
6285234284270
6283856661771
628385892082
6285606954866
628997402009
6283846099527
6281915193192
6281939264355
6289502968541
6283148002398
6285604465240
6285641990282
6285655555562
6285852235488
6285645251310
6281329543818
6285363641016
6285311886456
6283856686810
6289622172471
6283830860022
628315408407
6281703730388
628997390600
6285851841600
628157113077
6283833187043
6285607860985
201142447895
6287832303696
6282339104505
6281515640363
