6287773804239
628987671039
628983878242
6287894888873
6287765164224
6289648537974
6281809049090
6289517546716
6283813161633
6285340240511
6281321169288
6281703822220
622193880723
6289508766818
6289622391691
6285248397919
6282352825801
6282219205828
6282263059387
628986859587
6285269776001
6283897932584
6283838367177
6289512043749
6282330215755
6285718990878
6289647597582
6285386875797
6281809380896
6282161033682
6287806521339
6282300015546
6281225821151
6287751017316
6285885914140
6281253363107
6288210941786
6289615478597
6285931323217
6285320978289
6283897547373
6289654136622
6287730377747
6285740028584
6289696876951
6281527968225
6282236456337
6285255452803
6285259185929
6285794775060
6285842671548
626296996364
6285655976922
6281548343213
6285842134144
6282191533799
6282306587755
6283891247313
6285851964691
6285624838360
6285795709837
6289623461774
6282373208522
6285730591415
6283804135593
6288880008800
6285956723858
6285864016683
628970843110
628888184267
6285717603011
85593624431
6281807349498
6281225790699
6285257225706
6285787552207
6289682888092
6285790257511
6285751962041
6281553060157
6289682044268
6281271854555
6285793013616
6285396663747
6285349264056
6289686929544
628997650041
6285926520184
628984391153
6285273951274
6285279420973
6287750036922
6281379503935
6285394972741
6285694414149
6287725792025
6285713484563
6281253728006
6285346176699
6283187600506
6281361120256
6285779008984
6285350462991
6287857018441
6285145807780
6289670617396
6282290493901
628972364890
6281256107495
6289664143012
6282280356745
6289682272988
6281585635025
9779812480337
6281938133433
6287844174077
6285779218874
60165522867
6285780216885
6285977301017
60187807834
6282162651273
6285795793182
6282372558865
6281215691933
6285782145857
6281395648519
6283819662413
628885445638
6281261311361
6288888888888
6281213753151
6282168300340
6281278082263
6289666450886
628159231318
6283169301358
6285715819261
60109405708
6282140825118
6285664728167
6285757119958
6281350047479
6287727502519
6285254251599
6283821304845
6289681292125
6282225632219
6289638466966
6285253744076
6285749867923
6287708776337
6287876020151
6281310517651
6285788953824
6287871914857
6283807686984
6289525116942
6287892193304
6285265481187
6289638603847
6289653737707
6282353667111
6289693383883
6289609993787
622194237103
628993395517
6285279726557
6285609117892
6282361190885
6289685051438
6285349603025
6281395145354
6283895213220
6285233426751
6282328773069
6285201336371
6287786547329
6281804240889
6285201750123
6281555319459
6282213700544
6283896242637
601117519405
6282227892116
6282244587952
6283871813263
6285642559292
6289655064937
6282214409092
6285729456784
6285789606460
6282272622420
6287849373766
6281240534768
6282359164797
6281214592415
6285710282236
6283851535709
6273734484
6281936903443
6282282061449
6285721505863
6285766752731
62816221139
6285645006868
6285313425228
6281271481433
6287797722508
6289627518734
6282144881986
6289668286991
6289660466253
6287720001101
6285260369068
2349023046649
6285255472013
6282373701846
6281271083070
6281286162710
6282327404798
6289633876535
6282187951166
6283854266763
6285385325235
6285765434567
6287829360111
6282259769441
6283870650874
6283898518827
6289696348390
6289508684336
6289676042659
6281912541014
628993418446
6285241277889
6285280062864
6282274142027
6289660694012
6285777124777
6281342486586
62895327876241
6287726000735
6285863558959
6285779231782
6285232634238
6285886538019
6281333996932
6282351686585
628988279772
6283832880588
6287721118531
6283831451232
6285743015863
6282385146140
6283823589929
6282231371421
6282293005436
6282329281936
6285736624376
628989103447
628159816445
6283182533099
6289661652303
6285242449333
6289616261962
6281278614594
6287794593696
6283825764304
6281310195822
6285331163888
623619653169
6285790516470
6282347773414
6285721974455
6281330296671
6285397379997
6285764215414
6285214172482
6282327147797
6282214596238
6289652663959
6283184011333
6285227745552
6285719476343
6287706150193
6285275604195
6289672624292
6282229396003
6281995825130
628126071313
6282247492004
6285216496015
6285759500024
6285737701597
6287766425433
6287818831970
6285336330767
6289604523717
6283816327861
6282254606691
6287722441485
6289662797754
6285320530312
628971580205
6287827375300
6285145557274
6285219663889
622199732898
6282213945960
6281324329101
6285828825376
6289673126388
6285268261119
6281998142974
6281257444543
6283811546664
6281333587513
6289682285682
6287877624242
601137591017
6281554213949
6287888888888
6285966197772
6287710414273
6287726545813
6285263304408
628992804494
6283892673135
6289607959914
6281933201305
622195481879
8801878149233
6282122792378
6285782509051
6287896415633
6281374256722
6281216122529
6282242886584
6285780099444
6281315726401
6289456244122
6281282818031
6283812910139
6281348108385
6289671361161
6281933995002
6289508372884
6281226738506
6282325252858
62895422348405
6282237679448
6282174755776
6282310361484
6289664506517
6285359727249
6281578945102
6282214861411
6281916049124
62895349243095
6283127160232
6287868266661
6285290171565
6281241824815
6285888804401
6285749503772
6281276272534
6287886211336
6282390025134
6285279881557
6285264243475
6285355776953
6287719909276
6285790889493
6281513816610
6282234376199
6283804200988
62895376400730
6289657423334
628977091908
6283186256992
628976032579
6281223473604
628000000000
6285741843556
628987617735
628983404316
6282302530111
6287879567874
6285693717995
6283180646710
6289608175119
6283813785634
6229427784
6281111323323
6285729477004
6285242915110
6281220771944
6287788249723
6282385056707
6281310002626
6287869788691
628992079094
6285775218907
6287777145615
6281329012656
6281242006424
6281515288991
6281946462020
6283866181935
6285358023135
6287809245766
6285333333344
6285860439592
6289655082999
6285248746693
6282313142014
6281381010861
6283896463466
6289661442867
628526734756
6289683146126
6285218370343
6287715428198
628990135310
6283819333951
6289603050229
6281615217261
6285777799787
6281374017121
62318311515
6289606646016
6282334131017
886981804272
256706535053
6285648090110
6285607768699
6282155653788
6281991359791
6287887821830
6281319046845
6285351039997
6285768673737
6282381072680
6285883497825
6283825259730
6289602377157
6281230111181
628999165798
6285222971971
6285781933008
6281911487095
6281342999499
6281321323242
6281993548453
6285395707570
6289528265701
6282247171722
6282344850029
6285397735004
6285697237621
6281221029185
6285729940777
6282140391720
6283871547672
6289650508247
6285747520992
6285268817059
628988306463
6285210487045
256758648232
6285737304046
6283824612912
6283826718088
6285777686212
6285799358883
6285231479999
6287767453356
6285243110804
6285716224035
6285763037523
6289601238708
6289668684414
6287771170490
6285378527105
6281316709969
6281282136719
6283806896593
62895605155047
6282114854557
6285381347320
6281210201145
6287771035691
62895334488453
6285224667550
628989656285
6285791630334
622191746293
6282269955566
6282276196664
6285601076933
62895369167497
628972883492
85515221350
6289685741560
6282198682848
62895330180356
6287817273595
6285241641381
6287739780999
6281910532150
6287818765089
6281333947049
6289665304660
6289633015910
6285270460684
6282276262266
6287863641961
6282280230128
6282125814748
6285806598288
6283131100867
6285776417577
251922595389
622191215397
6282311124955
628985236490
6281910032644
6288213878661
6285399993512
6285317157245
62895334714047
6282321896296
6289632422524
6281253408699
6282273962747
6285647887646
6289693272639
6285762515996
6285835754939
6287701295981
6283875592685
601127202759
6285253820192
6287809873894
6281272075070
6282234261404
6285645757897
6287736903818
6282286534231
6285782145185
6289631645569
6282319328038
67078386249
6281906066032
6283849990809
6285226032700
6289655124247
6285235276028
6282250268610
628986891850
6283849451911
6287717263810
6285830276277
6285694105150
6282175570812
6285285624784
6281266308884
6285606977166
6282220424795
6281233675133
6282189433165
6285335106466
6281258255565
6285385323205
963944948400
6288211422933
6282386821893
6285381989341
6285395160385
6285771646303
628972106664
6282161812538
6289682271678
6287786354765
628976198959
6285646259996
6283822422450
6285746660651
6281916072707
6285714071222
628112532304
6283820959855
6282284779904
6285725946304
6285700202027
6285641116180
6285875664209
6281275279233
623427750047
6282180731675
6287798544754
6287795543445
6285789734632
6282246677200
6281291320987
6285386096830
6287809624596
6282392259184
6281275146664
6285715456607
6282389323110
6287882208597
6282311606237
6281330778027
6285719306995
6287706667010
628125013367
6285811629811
6289515052414
6285720786139
6281286042556
6285829712175
6282179445058
6282127814421
628984704995
6281347842274
6282117165471
6287871564287
6289682166629
628987960835
6289649766931
6289623069048
6282327624129
6289647617837
6282338416224
6283892511152
6283825934454
6285971847285
6285291651323
6285247610942
6287725246567
6287849414381
6289654828363
6285327040352
6289699440768
6285311734860
6283818792896
6285747900345
6287894708197
6289662242035
6287888430044
6285748906466
6287778996215
6283878443973
6281298928270
6285767021752
6281230995977
6285693849098
6285725828089
6282181839591
6285290433086
6285716199418
6285294593631
628981665466
6283863045228
6287832145240
6285276099821
6285372361658
628987375554
6282269002298
6281391378369
6285388855195
6285338275574
6285881238922
6283811625990
6285885819598
6287780427992
6285322086839
6287738140094
6289646505900
6285732940614
6282299174739
628382502343
6285733361903
6281375802937
6285889997989
601115925763
6282386869737
62857888844
6282136094213
6281291093950
250725179845
628388680313
6282385354460
6285226507065
6281930302121
6287770843327
6289633719692
6285374099113
6285244564956
6285718747553
6282133373338
6287788793289
6285384521932
601133302230
6283831717014
60178184246
6287771165753
6283129927211
622199955119
6285245855867
6285281714411
6282161262245
6281329453608
6287761025580
6281558833264
6285774955933
6289660120158
6289660077761
6283871384789
6281901505746
6283807637547
6287830347645
6289627762999
6283144345600
6289515512301
6283894541625
628984328960
628975036707
6282217681024
6285724155267
6287865628479
6289681424577
21629541569
628973884891
6285768770264
628991560744
6287818003766
6281901031440
6283816456195
6282187875412
6285772901303
6285646135619
6283842747744
6285369470220
6285230306189
6289635670328
6283875468535
6285268982292
6282271076601
628156602245
4915783145859
6289696723085
6285273479784
62818476869
6281703114162
6289628493340
6281344401020
62956223358
628990524539
6285206364255
6283876889427
6285640395391
628566799113
6281280403325
6289614352813
6282385794131
6281388864755
6285869131800
6285252495359
6285868633303
6285398271307
6289614991615
919592430745
67078281781
256787288460
6285880523120
6282348034531
6281220215287
6289662908987
6285761741330
6281553675283
6285786797796
6287714512282
62895339923554
6282389000786
6287776209299
6285784029459
6289609254644
6283833908849
6282220334689
628811462252
6281260066988
6281268700941
6289668022531
6285245665803
6281932938086
6287884726249
628990044793
6285267434247
6281269609973
6282144432464
6289657158529
6282376489850
6285814574764
6288210392918
6285758628982
6281288859473
6281936667676
6289683719045
6285850611169
6282274556464
6285852404596
6285640925732
6282133423312
6281511410028
6289635359686
6287830053388
6285848706849
6281348523944
6289665601383
6282374720573
6281323916161
6285740263201
6281316043789
6285331243845
6282245405001
6285223959290
6287769963276
6282194949231
6283816182566
6285655067766
6289636031367
628986355535
6285668133358
6285270471253
6289516598281
6289654959323
6285655238075
6285231830003
6287772759642
6285310016334
6289676695144
6285717230648
628563465523
918259055680
27780136676
6285220825256
6285733861223
6287788552355
6285924003314
6285710715758
6283123650717
6289612384790
6281218655985
628984439428
628994116991
6289666949923
6287831451958
628980860891
6285275374097
6285885094912
6285210881754
6285770077128
6285398509197
6281315499902
6285233926094
6285399052185
6285251952267
6285892381812
6287779904395
6285722290026
6283820267973
6281918253451
6285276151532
6289622000226
6283815789194
6282285884914
6287869745701
6281215541459
628971397923
6289681182168
6289698031774
6281511156656
6285649099948
6285643893508
62895605122493
6281907397187
6282333973313
6282395840139
622470309603
6282373252008
6285718518311
6285876675722
6285314068603
6285695638595
6285274876759
6285723802190
6287873445708
6289614454699
6281334334334
6285370583328
6285767922767
201097261538
6283852039689
6285242468530
6282283858880
6287833750046
6282120007807
6289504962494
6281221930794
6285746093668
6287864131340
6281231566111
6285246545704
6287724600566
628128409715
6285648915908
60162211800
6288216463966
6285238188723
6282292721730
6282127666444
6289692644830
6285840307500
60147014960
6285771445458
6285225965940
250736981237
6285210959840
6287796756193
62895389520813
6281977070450
6287759348990
6289655438530
6285211712291
6287850807497
6285658644494
6289655928570
6285643201376
6283811329438
6281514075774
6287889484533
6289660792306
261347057031
6282254936441
6285855804123
6285749146939
6281297772193
6289624508174
628985149283
6289622334732
6285810538012
6285254047825
6285322678738
6282232118575
6283898109562
6289657723362
6289656268072
628572098987
6282225232072
6289630089057
6285394687262
60167754689
6285256427181
628977256880
6285397229789
6285780015492
6282284067976
628117101902
6285886775407
6285231228457
6282160563829
6282365801616
62895351467547
6282380427983
6289679106515
6282281232451
6285207184735
6287732857964
6287836598528
6285659513540
628566661000
6282322289258
6283873241665
6285794658793
6287721574711
6282358470783
6282186212490
628997837048
6282331667528
628994100246
6285645674004
6281973487387
6287726630378
6285855223924
6282285432940
6285266085345
6283825722769
9779813276460
6285358986262
6285201599217
6281371059327
6282373104968
6283846355422
6281249904411
6285607745694
6281212138948
6285246521983
62895333962888
6285708024569
60179102559
919938793968
6282183512008
628561828917
6283875500016
6282153209778
6285754595244
6285335235874
6289525213207
6281284057187
62216513526
6282260030805
6282376717473
6285338586860
6285789599079
6285263761526
6282325883632
6285814696737
6282312781820
6289606148252
6281269559799
6289643748524
628889177311
6285732210437
628987162428
6285267154553
60197309043
6285248485610
6287770020522
6285251595390
6285205058872
6285779315064
6285697343439
6285214073138
628985355639
628983599233
6281361751788
6289656383158
6282330835020
6285358995572
6282274852776
6285830939556
6282292100722
6281906502645
6281241820444
6282148000810
6283876019031
6289947411904
6283815157411
6282188502527
6289609451672
6282137802724
628996555524
6281210943896
6287785221606
6285211300568
6282329614220
94716184474
6289636616258
6288806168265
628998783395
6281248011923
6282327686678
6285769299604
6285366084334
6289635052392
6285356666666
6289510229493
6283147110495
6282189521106
6285293970904
6285828939857
6285210454633
6289661254926
6285339340001
6285716873223
628980322957
622185301748
6283845180764
6285608780212
6287864203469
6287744017950
6285281199723
628975574390
6289618856397
6281632138472
6281233729029
6285883481072
6282282748724
6282240338560
6285798402355
6285266871707
6283808816330
6282214879076
6283870030744
6285252518851
6281346278938
6282237469521
6289614050439
6283824767670
6282293312244
6282240291310
6285803353050
6282292122405
622311112011
6285225136597
628999284157
6282344720115
6281542805786
628963123887
6282268314854
6285693149749
6289644245859
6282251603039
6281287522300
6289639316534
6283811419153
6285294751379
6282259867877
6281370860655
6282299344980
6283148684366
6289644085221
62818434216
6283852681565
628979968990
6285855833950
6283838331134
6281216623060
6285642413339
628551405807
6285273853045
628975087217
6281274742122
6283820507185
6285229820989
6281554790708
6289648462622
6287883012922
6285741689402
6285706537167
6285791813536
6285701327024
6282234278034
6285777215791
6283199338327
6287774107720
6285238458278
6285891773547
6281316863683
6282175081387
6282253271439
601127655051
6283819575277
82285412877
6281232779345
6282370826856
62895700850476
60132729977
6285256173330
6285274150393
6285781365704
6287828950665
6281805217055
6282339779658
6285266057871
6285241395922
628813567904
6285728971490
628985589702
6283804554524
6282346515761
6287730250352
622132748088
6585643211
624514930378
6281355721468
6285337437037
6285759724195
6282175958897
6285273061690
6285398588588
6285792184568
6285340351220
6285311746494
6287715152357
6283856321995
9779809894714
6285742097029
6289664667668
6285645904010
6282241808010
6282276032793
6282292708758
6287816476507
6287872067769
6281542101027
6285604469447
6289639269774
6281375176884
6283874771377
628977020712
6281215780828
6287826231906
6282177634993
6283878003541
6288806006761
6282135948506
6281542130653
6287769468246
628122955546
6285216843936
6285574739635
6283847215999
6281284112343
6282183899085
6285239040765
6282273894449
6285314080175
6289667844859
6287851555552
6285712699981
6285778753431
6289668390268
6285240056569
6289689931230
6281990354298
6285880604514
628991791662
6283822446023
6287710264026
6285220304004
6281288829070
628988853100
6281215088018
628568484760
628988787073
6282352311720
6282234017125
6282210490216
6289638665860
628973144964
6287881222395
6282191335763
6287879757490
6285777372076
6282290278145
6287749938919
601131600481
6285761069818
6289636167117
6281277053510
62895341525686
622183905714
628571234567
6289501021401
628885906860
6285959627710
6283896851401
622192938367
6285799437484
626204092010
6289662622225
6281535421466
6289635721404
6281344905745
6281293475155
6289658366584
6285252786050
6285646502230
6282219185009
6285358168970
60192912210
601116081083
628995097071
6289636164890
628988753501
6281287444579
6289656630593
6289675466677
6285811781604
6289671932049
6281536515154
6285868758176
60102446768
6285790857089
6281543127081
60109453315
628125872600
6289671195922
626176403071
6282367474647
6281703709929
6283806264138
6287779027290
6283175626664
6282324127217
6288988911701
6285355956202
6289649477165
6289630045638
6281336042537
6289609020851
6285759485014
6289644428645
6289601314649
6289669278366
6283824362843
60192989447
6285835540455
628987942094
60163344911
6283832020266
6285250675008
6285860333563
628562297335
6289663523312
6285753857998
6289657234372
6283853182023
6282149970929
6289604461720
6282366997771
6289673054614
6282243754186
6283126430008
628973507593
628984433598
6281804030553
6285758998134
6285966354112
6289621722491
6288855521111
6281394463708
6282306414295
628982749004
6285770574640
628380120609
6285270107889
6288808498529
6282317315984
6282349144121
85273053019
6281990644984
6282279275450
6285222502225
6285736436350
62895324131947
6283194917445
6285657440412
6287858344108
6285710200696
628997343720
6281938869375
6282221823487
6285712281724
6282169681651
6285736958308
628976782913
6285767403719
6285884282025
628123000996
628568087665
6282260679839
6283872194859
6287716830008
6289644485338
6285753207349
6582505421
6282190909301
6285866696223
6281807337669
6289625060945
628886476777
6285316159654
6285853554095
6282168075071
6285753967784
6285393270577
6281510136482
6285275729020
6289629999084
6289650049761
628988254090
6289647185743
6285268698295
6285840220147
6285318647926
6282219185471
6282266029745
6282329556911
6289650208228
6281348600678
6285731252482
6287894983308
6282183487825
6285769617511
6285765334716
6281958106684
6285365222222
6285379355637
6285697417987
6282166161371
212636236264
62816629365
6281947207703
6282319095439
6289646344643
6281806885002
628977447873
628990260108
6285786039990
6285789445702
6282161130031
628995236122
6285817530486
85264104500
6285236665363
6285711282376
6282348394512
6282242704229
6283804365298
85290156385
6285795569194
6287834506319
6287788200533
6285815572808
6282298098120
6282285923814
6287820316340
6283113387547
6281554798791
6285695255553
6285232120206
6285974590545
628980135784
6287880525579
6287741535976
6287833786745
6285780315183
6283129123451
6285749104195
628192540800
6285385227697
6289692223833
6285356206289
6285782151559
6285648777090
6287739337438
6285724342527
6283824552428
6285716543872
6289665479330
201112427510
855963554131
6283893101094
6285248803002
